ID; X; Y; Z
1;0.3752258;1.682527;-0.8023149
2;0.3753482;1.682623;-0.8021125
3;0.3778794;1.681453;-0.8008589
4;0.3795856;1.680995;-0.8003616
5;0.3838888;1.677813;-0.7999433
6;0.3862767;1.677337;-0.7995468
7;0.3926601;1.67432;-0.7989023
8;0.3969747;1.6731;-0.7984802
9;0.4067027;1.670538;-0.7976497
10;0.4119494;1.669556;-0.7970144
11;0.417926;1.668761;-0.7962134
12;0.4306653;1.666361;-0.7946793
13;0.4374461;1.665813;-0.7938947
14;0.4518103;1.664833;-0.7927085
15;0.459431;1.664846;-0.7921865
16;0.4749402;1.665962;-0.7905031
17;0.4830041;1.666919;-0.7897832
18;0.4911413;1.668214;-0.7890846
19;0.508301;1.671585;-0.787869
20;0.5176068;1.673645;-0.7873334
21;0.5369697;1.679502;-0.7863215
22;0.5460809;1.683016;-0.7859811
23;0.5649885;1.690222;-0.7852465
24;0.575026;1.694436;-0.7851345
25;0.5846555;1.700837;-0.7850174
26;0.6020026;1.712149;-0.7853405
27;0.6111321;1.71824;-0.7854984
28;0.6310169;1.731025;-0.7864725
29;0.6408085;1.738494;-0.787136
30;0.6602257;1.754167;-0.7887056
31;0.6684123;1.763283;-0.7898242
32;0.6853096;1.782595;-0.7929124
33;0.6939521;1.792918;-0.7942752
34;0.7025345;1.802604;-0.7956066
35;0.7167655;1.823685;-0.7983285
36;0.7231825;1.83568;-0.8001422
37;0.7356592;1.856785;-0.8030654
38;0.7417065;1.867292;-0.8043163
39;0.751004;1.887661;-0.8066471
40;0.7553905;1.897042;-0.8082547
41;0.75892;1.906194;-0.8093088
42;0.765622;1.921379;-0.8112699
43;0.7677341;1.926836;-0.8120965
44;0.7716684;1.938822;-0.8139727
45;0.7740381;1.944767;-0.8143328
46;0.7780821;1.954804;-0.8147475
47;0.7797734;1.958374;-0.8149598
48;0.7806027;1.963757;-0.8155068
49;0.7813372;1.96639;-0.8153553
50;0.7824201;1.969403;-0.8151349
51;0.7836865;1.972729;-0.8148762
52;0.7835368;1.973418;-0.8144353
53;0.783541;1.975328;-0.8141999
54;0.7834821;1.977199;-0.8139771
55;0.7835857;1.976224;-0.8132277
56;0.7831351;1.976515;-0.8127428
57;0.7828482;1.977395;-0.8124409
58;0.7827216;1.976285;-0.8117818
59;0.7822374;1.975687;-0.8113717
60;0.7806352;1.972646;-0.8106619
61;0.77958;1.9718;-0.8104255
62;0.7775515;1.967177;-0.8098379
63;0.7762712;1.96375;-0.8094499
64;0.7741222;1.959218;-0.8086497
65;0.7685478;1.947026;-0.8067229
66;0.765772;1.939791;-0.8060553
67;0.7589813;1.922615;-0.8046609
68;0.7549758;1.912797;-0.803732
69;0.7459899;1.892332;-0.8017676
70;0.7410164;1.881727;-0.8011096
71;0.7297388;1.858374;-0.799582
72;0.7235594;1.846237;-0.7985135
73;0.7168887;1.833841;-0.7972856
74;0.7026098;1.809387;-0.7956064
75;0.6947431;1.797255;-0.7949291
76;0.6776204;1.774223;-0.7936701
77;0.6690723;1.763494;-0.7927344
78;0.6520718;1.743752;-0.791114
79;0.6434594;1.734223;-0.7907423
80;0.634333;1.725817;-0.7900626
81;0.6152846;1.710446;-0.7882777
82;0.6058589;1.703387;-0.7879038
83;0.5877984;1.691571;-0.7871161
84;0.5792992;1.686552;-0.7866611
85;0.5618401;1.678704;-0.7852592
86;0.5531706;1.675385;-0.7847139
87;0.5360504;1.670464;-0.7834311
88;0.5281712;1.668473;-0.7829735
89;0.5204557;1.667049;-0.7822786
90;0.505622;1.665891;-0.7810526
91;0.4983141;1.665504;-0.7804317
92;0.4846297;1.66554;-0.7795706
93;0.4786076;1.665433;-0.7792113
94;0.466764;1.666174;-0.7784308
95;0.4609722;1.66652;-0.7781987
96;0.4557226;1.666954;-0.7780961
97;0.445854;1.668244;-0.7780701
98;0.4410655;1.668873;-0.7783004
99;0.4321548;1.670011;-0.7790756
100;0.4281228;1.669696;-0.7791699
101;0.4211659;1.670912;-0.7802949
102;0.4177915;1.671612;-0.781055
103;0.4118766;1.672425;-0.782239
104;0.4092663;1.673121;-0.7828456
105;0.4069127;1.673508;-0.7832752
106;0.4032696;1.674051;-0.7838694
107;0.4016412;1.674653;-0.7839446
108;0.3988347;1.675124;-0.78439
109;0.3975621;1.675472;-0.7846239
110;0.3959146;1.676404;-0.7846296
111;0.3954556;1.676619;-0.7843401
112;0.3953019;1.676889;-0.7839479
113;0.3955302;1.677258;-0.7831728
114;0.3956861;1.677378;-0.7826857
115;0.3964915;1.677812;-0.781674
116;0.3970979;1.677981;-0.7810659
117;0.398526;1.67819;-0.7801431
118;0.3992625;1.678236;-0.7793491
119;0.4002186;1.678291;-0.7788299
120;0.4020971;1.678514;-0.7776092
121;0.4031265;1.678487;-0.7770273
122;0.405233;1.679;-0.7760413
123;0.4061757;1.679073;-0.7754905
124;0.4082443;1.67955;-0.7746128
125;0.4091457;1.679483;-0.7742249
126;0.4109845;1.679423;-0.7733725
127;0.4119502;1.679351;-0.7729427
128;0.4127199;1.679383;-0.7725738
129;0.4140221;1.679573;-0.771809
130;0.4145963;1.679686;-0.7714525
131;0.4154556;1.679883;-0.7706155
132;0.4159232;1.679969;-0.7704205
133;0.4167672;1.680202;-0.7699888
134;0.4169835;1.680403;-0.7698308
135;0.4167978;1.680293;-0.7698356
136;0.417126;1.680365;-0.76948
137;0.4169107;1.680464;-0.769535
138;0.4163211;1.680566;-0.7697188
139;0.4158656;1.680558;-0.7698916
140;0.4143124;1.680118;-0.7705968
141;0.4138693;1.680334;-0.7707865
142;0.4128639;1.680205;-0.7713636
143;0.4122841;1.680333;-0.7718702
144;0.4117362;1.680461;-0.7722133
145;0.4106762;1.680534;-0.7728649
146;0.4100784;1.680596;-0.7732102
147;0.408951;1.680749;-0.7739378
148;0.4084348;1.680699;-0.7743661
149;0.4074575;1.680909;-0.7750998
150;0.4070455;1.68077;-0.7754549
151;0.4066283;1.680825;-0.7758377
152;0.4059289;1.680735;-0.7765426
153;0.4055394;1.680494;-0.7769668
154;0.4049561;1.680422;-0.777794
155;0.4047914;1.680388;-0.7780875
156;0.4046116;1.6805;-0.7784721
157;0.4044194;1.680423;-0.7786272
158;0.4042335;1.680357;-0.77875
159;0.4039589;1.680312;-0.7790785
160;0.4038933;1.680335;-0.7791058
161;0.4040496;1.680446;-0.7790311
162;0.4042462;1.680374;-0.7789171
163;0.4045112;1.680222;-0.7786602
164;0.404573;1.680211;-0.7785102
165;0.4047439;1.68021;-0.7782886
166;0.4049661;1.680249;-0.7781878
167;0.4052418;1.680228;-0.7781355
168;0.4056368;1.680082;-0.7779799
169;0.405822;1.680109;-0.7778934
170;0.4060277;1.680081;-0.777732
171;0.4061017;1.680057;-0.7776633
172;0.4062553;1.680172;-0.7775099
173;0.4062736;1.68018;-0.7774557
174;0.4062685;1.680185;-0.7774434
175;0.4063143;1.680289;-0.7774117
176;0.4062935;1.680276;-0.777384
177;0.4062112;1.680395;-0.7774344
178;0.4061541;1.680413;-0.7774337
179;0.4060317;1.68039;-0.7774008
180;0.4059912;1.680425;-0.7774315
181;0.4058838;1.680461;-0.7775069
182;0.4058231;1.680546;-0.7775553
183;0.4057592;1.680601;-0.777613
184;0.4055898;1.680432;-0.7777032
185;0.4055251;1.680336;-0.7777504
186;0.4054323;1.680361;-0.7778912
187;0.4053778;1.680383;-0.7779751
188;0.4053084;1.680435;-0.7780559
189;0.4053057;1.680402;-0.7780897
190;0.4053361;1.680409;-0.7780746
191;0.4053903;1.680409;-0.7780129
192;0.4053959;1.680448;-0.7780181
193;0.4054344;1.6805;-0.778003
194;0.4054685;1.680489;-0.7779653
195;0.4055007;1.68063;-0.777888
196;0.405519;1.680647;-0.7778721
197;0.405555;1.680681;-0.777765
198;0.4055373;1.68065;-0.7776825
199;0.4055286;1.680609;-0.7775944
200;0.4055652;1.680754;-0.7774885
201;0.4055544;1.680821;-0.777472
202;0.4055955;1.680899;-0.7773263
203;0.4056159;1.680919;-0.777229
204;0.4055375;1.680979;-0.7771765
205;0.4055033;1.681035;-0.7771564
206;0.4054651;1.68106;-0.7771288
207;0.4053634;1.681118;-0.7771101
208;0.4052744;1.681047;-0.7770645
209;0.4051716;1.680928;-0.7769355
210;0.4051358;1.680994;-0.7769009
211;0.4049961;1.681159;-0.7768688
212;0.4049188;1.681213;-0.7768677
213;0.4047955;1.681368;-0.7768497
214;0.4047676;1.681417;-0.7768191
