ID; X; Y; Z
1;0.6296608;1.764711;-0.5518193
2;0.6297032;1.764679;-0.5516862
3;0.6298789;1.764807;-0.5513667
4;0.6299939;1.764899;-0.5511763
5;0.6302578;1.765148;-0.5508293
6;0.630344;1.765179;-0.5506645
7;0.630484;1.765426;-0.5504836
8;0.630633;1.765583;-0.5504267
9;0.6309826;1.765803;-0.5502725
10;0.6311508;1.765821;-0.5502334
11;0.6312616;1.765729;-0.5501965
12;0.6315142;1.76549;-0.5501047
13;0.631702;1.765464;-0.550002
14;0.6322725;1.765658;-0.5496958
15;0.6331889;1.765919;-0.5491508
16;0.6353934;1.766174;-0.5479489
17;0.6377227;1.766431;-0.5470075
18;0.6410412;1.766634;-0.5455678
19;0.6484796;1.767436;-0.5418805
20;0.6525127;1.768282;-0.5396732
21;0.6619266;1.769204;-0.5345867
22;0.6674744;1.76913;-0.5319232
23;0.6790246;1.769604;-0.5260717
24;0.6857147;1.77029;-0.5231392
25;0.6996255;1.77242;-0.5175151
26;0.7074528;1.773658;-0.5145632
27;0.7156972;1.775287;-0.5114765
28;0.7335503;1.780243;-0.5049257
29;0.7428052;1.783051;-0.5017586
30;0.7599101;1.790717;-0.4954814
31;0.7688197;1.795867;-0.492186
32;0.7882623;1.806873;-0.4861235
33;0.7978854;1.814364;-0.4830377
34;0.8080685;1.822209;-0.4799693
35;0.8272166;1.838098;-0.4739448
36;0.8362625;1.847273;-0.4710608
37;0.8527839;1.866991;-0.4658448
38;0.860365;1.876247;-0.4640228
39;0.874351;1.894521;-0.4609217
40;0.87967;1.902697;-0.4601404
41;0.8841823;1.911205;-0.4593408
42;0.8891608;1.923691;-0.4589045
43;0.8898054;1.928162;-0.4593962
44;0.8910911;1.934981;-0.4591047
45;0.8922088;1.936408;-0.4588645
46;0.8911242;1.937441;-0.4588057
47;0.8893027;1.937821;-0.4592203
48;0.8860295;1.932954;-0.4596273
49;0.883648;1.929709;-0.4599771
50;0.8811389;1.925508;-0.4605584
51;0.8749599;1.914297;-0.4617505
52;0.8711389;1.908771;-0.4622986
53;0.8625477;1.894364;-0.4637756
54;0.8573271;1.887493;-0.464854
55;0.8444737;1.871824;-0.4673417
56;0.8377596;1.864412;-0.4687426
57;0.8311102;1.856621;-0.4701765
58;0.8160879;1.842215;-0.4729481
59;0.8087765;1.83492;-0.4746535
60;0.7937456;1.821081;-0.4782926
61;0.7856016;1.814299;-0.4801068
62;0.7682774;1.802728;-0.4837461
63;0.7596044;1.796658;-0.4852512
64;0.7508917;1.791252;-0.486953
65;0.7344203;1.783162;-0.4908447
66;0.7267582;1.779302;-0.4922711
67;0.712069;1.773551;-0.4951951
68;0.7041503;1.77102;-0.4968491
69;0.6901671;1.767408;-0.5009617
70;0.6833904;1.766249;-0.5031244
71;0.6710595;1.764126;-0.5067449
72;0.6664693;1.763542;-0.5080045
73;0.6625156;1.762711;-0.509126
74;0.6551129;1.761288;-0.5119345
75;0.6520361;1.761245;-0.5131001
76;0.6476756;1.760581;-0.5147766
77;0.6464278;1.759923;-0.5150563
78;0.6441969;1.758985;-0.5157186
79;0.643264;1.758779;-0.5160608
80;0.6427752;1.758392;-0.516116
81;0.6420971;1.758808;-0.5165451
82;0.641924;1.75941;-0.5166245
83;0.6418785;1.760449;-0.515932
84;0.6417444;1.760434;-0.5156236
85;0.6408795;1.760549;-0.5155945
86;0.6404195;1.760664;-0.5155812
87;0.640178;1.762534;-0.5153102
88;0.6402174;1.763206;-0.5150458
89;0.6401411;1.76342;-0.5147721
90;0.6396871;1.763838;-0.5142777
91;0.6392243;1.764275;-0.5143105
92;0.6385534;1.765635;-0.5143734
93;0.6385108;1.766382;-0.5142964
94;0.6382768;1.766409;-0.5140355
95;0.6383172;1.766567;-0.5140203
96;0.6381913;1.767054;-0.5140001
97;0.6377773;1.767943;-0.5141024
98;0.6376294;1.768251;-0.5140672
99;0.6373774;1.768266;-0.514263
100;0.6372002;1.768247;-0.5143667
101;0.6368585;1.768272;-0.5146962
102;0.636732;1.768269;-0.5150244
103;0.6363832;1.768179;-0.5156206
104;0.6361116;1.767882;-0.5160753
105;0.6359729;1.768002;-0.516387
106;0.6357381;1.76789;-0.5171154
107;0.6356975;1.767972;-0.517356
108;0.6355377;1.767283;-0.5178558
109;0.6352662;1.766937;-0.5181733
110;0.6349473;1.766825;-0.5187911
111;0.634829;1.766801;-0.5190403
112;0.6350066;1.766896;-0.5192256
113;0.63491;1.766583;-0.5196366
114;0.6348965;1.766253;-0.5196604
115;0.634698;1.765997;-0.5198005
116;0.6346262;1.76604;-0.5199021
117;0.6346855;1.766121;-0.5200101
118;0.6347243;1.766039;-0.5199831
119;0.6347528;1.765858;-0.5199121
120;0.6347062;1.765743;-0.5197455
121;0.6346657;1.765681;-0.5196734
122;0.6346503;1.765823;-0.5196624
123;0.6347367;1.765928;-0.5196103
124;0.6347479;1.765902;-0.5194737
125;0.634733;1.765865;-0.5193693
126;0.634858;1.765741;-0.5189832
127;0.6349503;1.765817;-0.5188328
128;0.6350089;1.765934;-0.5187654
129;0.6350546;1.76598;-0.5186942
130;0.6350533;1.765967;-0.5186601
131;0.6351016;1.765993;-0.5186496
132;0.6352098;1.766091;-0.5186192
133;0.6353767;1.76628;-0.5185794
134;0.6353675;1.766255;-0.5186341
135;0.6353257;1.766182;-0.5186763
136;0.6352383;1.766262;-0.5187986
137;0.6352393;1.766321;-0.5188723
138;0.6352206;1.7665;-0.5188794
139;0.6351982;1.766498;-0.5188193
140;0.6350483;1.766381;-0.5187916
141;0.6349219;1.76637;-0.5188152
142;0.6348156;1.766296;-0.5188756
143;0.6348338;1.766394;-0.5189274
144;0.634896;1.766443;-0.5189425
145;0.6350169;1.766448;-0.5188752
146;0.6349931;1.766483;-0.5188569
147;0.6348471;1.766499;-0.5188973
148;0.6348079;1.766448;-0.5189174
149;0.6349016;1.766481;-0.5189514
150;0.6349646;1.766432;-0.5188951
151;0.6350332;1.76637;-0.5188183
152;0.6350016;1.766183;-0.5188211
153;0.6349272;1.766162;-0.5188636
154;0.6348414;1.766236;-0.5189083
155;0.6348665;1.766306;-0.5189335
156;0.6350365;1.766499;-0.5188125
157;0.6350861;1.766515;-0.5187081
158;0.6349875;1.766339;-0.5186561
159;0.6348938;1.766366;-0.5186626
160;0.6348568;1.766382;-0.5186784
161;0.6348569;1.766367;-0.518676
162;0.6348493;1.766331;-0.5187011
163;0.6347201;1.766183;-0.5187696
164;0.634665;1.766188;-0.5187402
165;0.6345145;1.7661;-0.5186592
166;0.6344712;1.766145;-0.5186341
167;0.634438;1.766242;-0.5186347
168;0.6343532;1.766477;-0.5187222
169;0.6343286;1.766596;-0.5187778
170;0.6342529;1.766549;-0.5188507
171;0.6342028;1.766486;-0.518865
172;0.6340228;1.766372;-0.5189398
173;0.6339473;1.766334;-0.5189518
174;0.6339282;1.766336;-0.5189128
175;0.6339017;1.766462;-0.5188407
176;0.6339153;1.766505;-0.5188437
177;0.6339288;1.766599;-0.5188209
178;0.6339113;1.766557;-0.5188225
179;0.6340213;1.766532;-0.5187876
180;0.634082;1.766519;-0.5188034
181;0.6341587;1.766553;-0.518866
182;0.6341207;1.766507;-0.5189131
183;0.6340869;1.766526;-0.5189341
184;0.6340529;1.766663;-0.5189966
185;0.6340199;1.766651;-0.5190331
186;0.6339637;1.766741;-0.5191257
187;0.633907;1.766749;-0.5191729
188;0.6338362;1.76674;-0.5191515
189;0.6337283;1.766741;-0.5191455
190;0.6335484;1.766747;-0.5191968
191;0.633507;1.766757;-0.5192502
192;0.6334615;1.766839;-0.5193613
193;0.6333542;1.766981;-0.5196025
194;0.63328;1.766998;-0.5197015
195;0.6331599;1.766991;-0.5198805
196;0.6330795;1.766929;-0.5199658
197;0.6329376;1.766833;-0.5201097
198;0.6329001;1.766752;-0.5201733
199;0.6328474;1.766658;-0.5202169
200;0.6326587;1.766552;-0.5203198
201;0.632529;1.766538;-0.5203516
202;0.6323011;1.766635;-0.5203824
203;0.6322358;1.766679;-0.5204282
